Пример 1:
1:
2 4 6 8 10 12 14 16 18 20 22 
2:
1.5419786300358833 7.470001381380309 14.768291836346126 5.516938609144672 11.641810952801478 -1.247632209118291 -4.0540419581674225 3.0589721466480295 12.645257376775131 0.03394810179612495 8.761857017805578 2.1971556460462587 14.416872987763 
3:
6,86372 92233720368547,77000 92233720368547,77000 1,37951 92233720368547,77000 0,00000 0,00000 1,30475 92233720368547,77000 1,33322 92233720368547,77000 1,60652 92233720368547,77000 
6,86372 92233720368547,77000 92233720368547,77000 1,37951 92233720368547,77000 0,00000 0,00000 1,30475 92233720368547,77000 1,33322 92233720368547,77000 1,60652 92233720368547,77000 
1,25755 0,00000 0,00000 0,69025 0,00000 0,00000 0,00000 0,80019 0,00000 -0,64217 0,00000 3,90640 0,00000 
6,86372 92233720368547,77000 92233720368547,77000 1,37951 92233720368547,77000 0,00000 0,00000 1,30475 92233720368547,77000 1,33322 92233720368547,77000 1,60652 92233720368547,77000 
0,99958 0,92718 0,80736 -0,69344 -0,79836 -0,94824 0,79100 0,08253 0,07880 0,03394 0,61542 0,81017 0,96114 
1,25755 0,00000 0,00000 0,69025 0,00000 0,00000 0,00000 0,80019 0,00000 -0,64217 0,00000 3,90640 0,00000 
1,25755 0,00000 0,00000 0,69025 0,00000 0,00000 0,00000 0,80019 0,00000 -0,64217 0,00000 3,90640 0,00000 
1,25755 0,00000 0,00000 0,69025 0,00000 0,00000 0,00000 0,80019 0,00000 -0,64217 0,00000 3,90640 0,00000 
1,25755 0,00000 0,00000 0,69025 0,00000 0,00000 0,00000 0,80019 0,00000 -0,64217 0,00000 3,90640 0,00000 
6,86372 92233720368547,77000 92233720368547,77000 1,37951 92233720368547,77000 0,00000 0,00000 1,30475 92233720368547,77000 1,33322 92233720368547,77000 1,60652 92233720368547,77000 
6,86372 92233720368547,77000 92233720368547,77000 1,37951 92233720368547,77000 0,00000 0,00000 1,30475 92233720368547,77000 1,33322 92233720368547,77000 1,60652 92233720368547,77000

Пример 2:
1:
2 4 6 8 10 12 14 16 18 20 22 
2:
-3.8020049459999328 -0.8923977369734137 3.4196038281489347 11.239038163247628 3.3411083325990916 14.214040264264117 -1.3475124737852866 10.638211998876958 2.109641243848193 8.117270744069303 6.669121030978868 -0.6011429900160588 14.047781211741977 
3:
0,00000 0,00000 1,30902 92233720368547,77000 1,30493 92233720368547,77000 0,00000 92233720368547,77000 1,71633 92233720368547,77000 92233720368547,77000 0,00000 92233720368547,77000 
0,00000 0,00000 1,30902 92233720368547,77000 1,30493 92233720368547,77000 0,00000 92233720368547,77000 1,71633 92233720368547,77000 92233720368547,77000 0,00000 92233720368547,77000 
0,00000 0,00000 0,47029 0,00000 -0,85677 0,00000 0,00000 0,00000 -0,44643 0,00000 0,54426 0,00000 0,00000 
0,00000 0,00000 1,30902 92233720368547,77000 1,30493 92233720368547,77000 0,00000 92233720368547,77000 1,71633 92233720368547,77000 92233720368547,77000 0,00000 92233720368547,77000 
0,61344 -0,77858 -0,27444 -0,97051 -0,19819 0,99705 -0,97518 -0,93682 0,85830 0,96554 0,37643 -0,56559 0,99601 
0,00000 0,00000 0,47029 0,00000 -0,85677 0,00000 0,00000 0,00000 -0,44643 0,00000 0,54426 0,00000 0,00000 
0,00000 0,00000 0,47029 0,00000 -0,85677 0,00000 0,00000 0,00000 -0,44643 0,00000 0,54426 0,00000 0,00000 
0,00000 0,00000 0,47029 0,00000 -0,85677 0,00000 0,00000 0,00000 -0,44643 0,00000 0,54426 0,00000 0,00000 
0,00000 0,00000 0,47029 0,00000 -0,85677 0,00000 0,00000 0,00000 -0,44643 0,00000 0,54426 0,00000 0,00000 
0,00000 0,00000 1,30902 92233720368547,77000 1,30493 92233720368547,77000 0,00000 92233720368547,77000 1,71633 92233720368547,77000 92233720368547,77000 0,00000 92233720368547,77000 
0,00000 0,00000 1,30902 92233720368547,77000 1,30493 92233720368547,77000 0,00000 92233720368547,77000 1,71633 92233720368547,77000 92233720368547,77000 0,00000 92233720368547,77000 

Пример 3:
1:
2 4 6 8 10 12 14 16 18 20 22 
2:
2.0566148801600708 -3.394996798726292 -2.95286903691692 13.794083075014498 11.953812143815643 -0.31589487329526644 12.378422318356389 3.768708459453155 3.507584446934766 0.9259427774056483 1.9716042345803144 0.4947073297053084 12.162435953102381 
3:
1,80279 0,00000 0,00000 92233720368547,77000 92233720368547,77000 0,00000 92233720368547,77000 1,35023 1,31571 3,29966 1,98657 1,95793 92233720368547,77000 
1,80279 0,00000 0,00000 92233720368547,77000 92233720368547,77000 0,00000 92233720368547,77000 1,35023 1,31571 3,29966 1,98657 1,95793 92233720368547,77000 
-3,18498 0,00000 0,00000 0,00000 0,00000 0,00000 0,00000 0,08672 -0,85949 -0,56831 0,95897 -1,08187 0,00000 
1,80279 0,00000 0,00000 92233720368547,77000 92233720368547,77000 0,00000 92233720368547,77000 1,35023 1,31571 3,29966 1,98657 1,95793 92233720368547,77000 
0,88429 0,25070 -0,18761 0,94172 -0,57496 -0,31067 -0,18684 -0,58681 -0,35788 0,79919 0,92075 0,47477 -0,39304 
-3,18498 0,00000 0,00000 0,00000 0,00000 0,00000 0,00000 0,08672 -0,85949 -0,56831 0,95897 -1,08187 0,00000 
-3,18498 0,00000 0,00000 0,00000 0,00000 0,00000 0,00000 0,08672 -0,85949 -0,56831 0,95897 -1,08187 0,00000 
-3,18498 0,00000 0,00000 0,00000 0,00000 0,00000 0,00000 0,08672 -0,85949 -0,56831 0,95897 -1,08187 0,00000 
-3,18498 0,00000 0,00000 0,00000 0,00000 0,00000 0,00000 0,08672 -0,85949 -0,56831 0,95897 -1,08187 0,00000 
1,80279 0,00000 0,00000 92233720368547,77000 92233720368547,77000 0,00000 92233720368547,77000 1,35023 1,31571 3,29966 1,98657 1,95793 92233720368547,77000 
1,80279 0,00000 0,00000 92233720368547,77000 92233720368547,77000 0,00000 92233720368547,77000 1,35023 1,31571 3,29966 1,98657 1,95793 92233720368547,77000 